KinectIR_2_World
-0.00197045  -0.440934   0.897537   0.366107
 -0.999576 -0.0252153  -0.014582  -0.261153
 0.0290613  -0.897185  -0.440698    1.12172
         0          0          0          1
Kinect_2_World
-0.0205827  -0.452487   0.891533   0.358269
 -0.999765 0.00325612 -0.0214288  -0.207322
0.00679333  -0.891765  -0.452448    1.12954
         0          0          0          1
Shelf_2_World
 0.0134245 -0.0431335   0.998979    1.29666
   0.99949  0.0295274 -0.0121565 -0.0189571
-0.0289729   0.998633  0.0435079  -0.155734
         0          0          0          1