KinectIR_2_World
-0.00224571  -0.441399   0.897308    0.36626
 -0.999574 -0.0251312 -0.0148641   0.315591
 0.0291114  -0.896959  -0.441155    1.61324
         0          0          0          1
Kinect_2_World
-0.0208693  -0.452941   0.891296   0.358442
 -0.999759  0.0033438 -0.0217097   0.369425
0.00685288  -0.891534  -0.452902    1.62106
         0          0          0          1
Shelf_2_World
 0.0274075  0.0113663    0.99956     1.2327
  0.999422  0.0197901 -0.0276287 -0.0355624
-0.0200954    0.99974 -0.0108173  -0.176026
         0          0          0          1