KinectIR_2_World
-0.00191396   -0.44115   0.897431   0.366034
  -0.99957 -0.0253999 -0.0146176  0.0422356
 0.0292432  -0.897074  -0.440912   0.892751
         0          0          0          1
Kinect_2_World
-0.0205315  -0.452702   0.891425   0.358196
 -0.999765 0.00307186 -0.0214668  0.0960674
0.00697975  -0.891656  -0.452659   0.900561
         0          0          0          1
Shelf_2_World
 0.0250286 -0.0530654   0.998277    1.31086
  0.999479  0.0216708 -0.0239068 -0.0172909
-0.0203648   0.998356  0.0535802  -0.151143
         0          0          0          1